# Comment: 
# Detector: fotonowa
# Operator: 
#
#VERSION 02
#DATE 08-11-2010
#DETY DIO
#BMTY PHO
#FLSZ 100*100
#TYPE OPD
#AXIS Z
#PNTS 351
#STEP 010
#SSD  1000
    0.00    0.00    0.00    47.00
    0.00    0.00    0.10    49.40
    0.00    0.00    0.20    63.40
    0.00    0.00    0.30    73.50
    0.00    0.00    0.40    81.10
    0.00    0.00    0.50    86.20
    0.00    0.00    0.60    90.40
    0.00    0.00    0.70    93.20
    0.00    0.00    0.80    95.50
    0.00    0.00    0.90    97.10
    0.00    0.00    1.00    98.10
    0.00    0.00    1.10    99.10
    0.00    0.00    1.20    99.80
    0.00    0.00    1.30    100.00
    0.00    0.00    1.40    100.00
    0.00    0.00    1.50    100.00
    0.00    0.00    1.60    99.70
    0.00    0.00    1.70    99.60
    0.00    0.00    1.80    99.30
    0.00    0.00    1.90    99.00
    0.00    0.00    2.00    98.70
    0.00    0.00    2.10    98.30
    0.00    0.00    2.20    98.00
    0.00    0.00    2.30    97.60
    0.00    0.00    2.40    97.20
    0.00    0.00    2.50    96.80
    0.00    0.00    2.60    96.40
    0.00    0.00    2.70    96.00
    0.00    0.00    2.80    95.60
    0.00    0.00    2.90    95.20
    0.00    0.00    3.00    94.80
    0.00    0.00    3.10    94.50
    0.00    0.00    3.20    94.10
    0.00    0.00    3.30    93.70
    0.00    0.00    3.40    93.20
    0.00    0.00    3.50    92.80
    0.00    0.00    3.60    92.40
    0.00    0.00    3.70    92.00
    0.00    0.00    3.80    91.60
    0.00    0.00    3.90    91.20
    0.00    0.00    4.00    90.70
    0.00    0.00    4.10    90.30
    0.00    0.00    4.20    89.90
    0.00    0.00    4.30    89.50
    0.00    0.00    4.40    89.10
    0.00    0.00    4.50    88.70
    0.00    0.00    4.60    88.20
    0.00    0.00    4.70    87.80
    0.00    0.00    4.80    87.40
    0.00    0.00    4.90    87.00
    0.00    0.00    5.00    86.60
    0.00    0.00    5.10    86.10
    0.00    0.00    5.20    85.70
    0.00    0.00    5.30    85.30
    0.00    0.00    5.40    84.90
    0.00    0.00    5.50    84.50
    0.00    0.00    5.60    84.10
    0.00    0.00    5.70    83.70
    0.00    0.00    5.80    83.30
    0.00    0.00    5.90    82.80
    0.00    0.00    6.00    82.40
    0.00    0.00    6.10    82.00
    0.00    0.00    6.20    81.60
    0.00    0.00    6.30    81.20
    0.00    0.00    6.40    80.80
    0.00    0.00    6.50    80.40
    0.00    0.00    6.60    80.00
    0.00    0.00    6.70    79.60
    0.00    0.00    6.80    79.20
    0.00    0.00    6.90    78.80
    0.00    0.00    7.00    78.40
    0.00    0.00    7.10    78.00
    0.00    0.00    7.20    77.60
    0.00    0.00    7.30    77.20
    0.00    0.00    7.40    76.90
    0.00    0.00    7.50    76.50
    0.00    0.00    7.60    76.10
    0.00    0.00    7.70    75.70
    0.00    0.00    7.80    75.30
    0.00    0.00    7.90    74.90
    0.00    0.00    8.00    74.50
    0.00    0.00    8.10    74.10
    0.00    0.00    8.20    73.80
    0.00    0.00    8.30    73.40
    0.00    0.00    8.40    73.00
    0.00    0.00    8.50    72.70
    0.00    0.00    8.60    72.30
    0.00    0.00    8.70    71.90
    0.00    0.00    8.80    71.50
    0.00    0.00    8.90    71.10
    0.00    0.00    9.00    70.70
    0.00    0.00    9.10    70.40
    0.00    0.00    9.20    70.00
    0.00    0.00    9.30    69.60
    0.00    0.00    9.40    69.20
    0.00    0.00    9.50    68.90
    0.00    0.00    9.60    68.50
    0.00    0.00    9.70    68.10
    0.00    0.00    9.80    67.80
    0.00    0.00    9.90    67.40
    0.00    0.00    10.00    67.10
    0.00    0.00    10.10    66.70
    0.00    0.00    10.20    66.40
    0.00    0.00    10.30    66.00
    0.00    0.00    10.40    65.70
    0.00    0.00    10.50    65.30
    0.00    0.00    10.60    65.00
    0.00    0.00    10.70    64.60
    0.00    0.00    10.80    64.30
    0.00    0.00    10.90    64.00
    0.00    0.00    11.00    63.60
    0.00    0.00    11.10    63.30
    0.00    0.00    11.20    63.00
    0.00    0.00    11.30    62.60
    0.00    0.00    11.40    62.30
    0.00    0.00    11.50    62.00
    0.00    0.00    11.60    61.70
    0.00    0.00    11.70    61.30
    0.00    0.00    11.80    61.00
    0.00    0.00    11.90    60.60
    0.00    0.00    12.00    60.30
    0.00    0.00    12.10    60.00
    0.00    0.00    12.20    59.60
    0.00    0.00    12.30    59.30
    0.00    0.00    12.40    59.00
    0.00    0.00    12.50    58.70
    0.00    0.00    12.60    58.40
    0.00    0.00    12.70    58.10
    0.00    0.00    12.80    57.70
    0.00    0.00    12.90    57.40
    0.00    0.00    13.00    57.10
    0.00    0.00    13.10    56.80
    0.00    0.00    13.20    56.50
    0.00    0.00    13.30    56.20
    0.00    0.00    13.40    55.90
    0.00    0.00    13.50    55.60
    0.00    0.00    13.60    55.30
    0.00    0.00    13.70    55.00
    0.00    0.00    13.80    54.60
    0.00    0.00    13.90    54.30
    0.00    0.00    14.00    54.10
    0.00    0.00    14.10    53.80
    0.00    0.00    14.20    53.50
    0.00    0.00    14.30    53.20
    0.00    0.00    14.40    52.90
    0.00    0.00    14.50    52.60
    0.00    0.00    14.60    52.30
    0.00    0.00    14.70    52.00
    0.00    0.00    14.80    51.70
    0.00    0.00    14.90    51.40
    0.00    0.00    15.00    51.10
    0.00    0.00    15.10    50.90
    0.00    0.00    15.20    50.60
    0.00    0.00    15.30    50.30
    0.00    0.00    15.40    50.00
    0.00    0.00    15.50    49.80
    0.00    0.00    15.60    49.50
    0.00    0.00    15.70    49.20
    0.00    0.00    15.80    48.90
    0.00    0.00    15.90    48.70
    0.00    0.00    16.00    48.40
    0.00    0.00    16.10    48.10
    0.00    0.00    16.20    47.90
    0.00    0.00    16.30    47.60
    0.00    0.00    16.40    47.40
    0.00    0.00    16.50    47.10
    0.00    0.00    16.60    46.80
    0.00    0.00    16.70    46.60
    0.00    0.00    16.80    46.30
    0.00    0.00    16.90    46.10
    0.00    0.00    17.00    45.80
    0.00    0.00    17.10    45.50
    0.00    0.00    17.20    45.30
    0.00    0.00    17.30    45.00
    0.00    0.00    17.40    44.80
    0.00    0.00    17.50    44.50
    0.00    0.00    17.60    44.30
    0.00    0.00    17.70    44.00
    0.00    0.00    17.80    43.80
    0.00    0.00    17.90    43.50
    0.00    0.00    18.00    43.30
    0.00    0.00    18.10    43.10
    0.00    0.00    18.20    42.80
    0.00    0.00    18.30    42.60
    0.00    0.00    18.40    42.30
    0.00    0.00    18.50    42.10
    0.00    0.00    18.60    41.90
    0.00    0.00    18.70    41.60
    0.00    0.00    18.80    41.40
    0.00    0.00    18.90    41.20
    0.00    0.00    19.00    40.90
    0.00    0.00    19.10    40.70
    0.00    0.00    19.20    40.50
    0.00    0.00    19.30    40.30
    0.00    0.00    19.40    40.10
    0.00    0.00    19.50    39.90
    0.00    0.00    19.60    39.70
    0.00    0.00    19.70    39.50
    0.00    0.00    19.80    39.20
    0.00    0.00    19.90    39.00
    0.00    0.00    20.00    38.80
    0.00    0.00    20.10    38.60
    0.00    0.00    20.20    38.40
    0.00    0.00    20.30    38.20
    0.00    0.00    20.40    38.00
    0.00    0.00    20.50    37.80
    0.00    0.00    20.60    37.50
    0.00    0.00    20.70    37.30
    0.00    0.00    20.80    37.10
    0.00    0.00    20.90    36.90
    0.00    0.00    21.00    36.70
    0.00    0.00    21.10    36.50
    0.00    0.00    21.20    36.30
    0.00    0.00    21.30    36.10
    0.00    0.00    21.40    35.90
    0.00    0.00    21.50    35.70
    0.00    0.00    21.60    35.50
    0.00    0.00    21.70    35.30
    0.00    0.00    21.80    35.10
    0.00    0.00    21.90    34.90
    0.00    0.00    22.00    34.80
    0.00    0.00    22.10    34.60
    0.00    0.00    22.20    34.40
    0.00    0.00    22.30    34.20
    0.00    0.00    22.40    34.00
    0.00    0.00    22.50    33.80
    0.00    0.00    22.60    33.60
    0.00    0.00    22.70    33.50
    0.00    0.00    22.80    33.30
    0.00    0.00    22.90    33.10
    0.00    0.00    23.00    32.90
    0.00    0.00    23.10    32.70
    0.00    0.00    23.20    32.60
    0.00    0.00    23.30    32.40
    0.00    0.00    23.40    32.20
    0.00    0.00    23.50    32.00
    0.00    0.00    23.60    31.80
    0.00    0.00    23.70    31.60
    0.00    0.00    23.80    31.50
    0.00    0.00    23.90    31.30
    0.00    0.00    24.00    31.10
    0.00    0.00    24.10    30.90
    0.00    0.00    24.20    30.80
    0.00    0.00    24.30    30.60
    0.00    0.00    24.40    30.50
    0.00    0.00    24.50    30.30
    0.00    0.00    24.60    30.10
    0.00    0.00    24.70    29.90
    0.00    0.00    24.80    29.80
    0.00    0.00    24.90    29.60
    0.00    0.00    25.00    29.50
    0.00    0.00    25.10    29.30
    0.00    0.00    25.20    29.10
    0.00    0.00    25.30    29.00
    0.00    0.00    25.40    28.80
    0.00    0.00    25.50    28.70
    0.00    0.00    25.60    28.50
    0.00    0.00    25.70    28.40
    0.00    0.00    25.80    28.20
    0.00    0.00    25.90    28.10
    0.00    0.00    26.00    27.90
    0.00    0.00    26.10    27.80
    0.00    0.00    26.20    27.60
    0.00    0.00    26.30    27.50
    0.00    0.00    26.40    27.30
    0.00    0.00    26.50    27.20
    0.00    0.00    26.60    27.00
    0.00    0.00    26.70    26.90
    0.00    0.00    26.80    26.70
    0.00    0.00    26.90    26.60
    0.00    0.00    27.00    26.40
    0.00    0.00    27.10    26.30
    0.00    0.00    27.20    26.10
    0.00    0.00    27.30    26.00
    0.00    0.00    27.40    25.90
    0.00    0.00    27.50    25.70
    0.00    0.00    27.60    25.60
    0.00    0.00    27.70    25.40
    0.00    0.00    27.80    25.30
    0.00    0.00    27.90    25.20
    0.00    0.00    28.00    25.00
    0.00    0.00    28.10    24.90
    0.00    0.00    28.20    24.70
    0.00    0.00    28.30    24.60
    0.00    0.00    28.40    24.50
    0.00    0.00    28.50    24.30
    0.00    0.00    28.60    24.20
    0.00    0.00    28.70    24.10
    0.00    0.00    28.80    23.90
    0.00    0.00    28.90    23.80
    0.00    0.00    29.00    23.70
    0.00    0.00    29.10    23.60
    0.00    0.00    29.20    23.40
    0.00    0.00    29.30    23.30
    0.00    0.00    29.40    23.20
    0.00    0.00    29.50    23.10
    0.00    0.00    29.60    22.90
    0.00    0.00    29.70    22.80
    0.00    0.00    29.80    22.70
    0.00    0.00    29.90    22.60
    0.00    0.00    30.00    22.40
    0.00    0.00    30.10    22.30
    0.00    0.00    30.20    22.20
    0.00    0.00    30.30    22.10
    0.00    0.00    30.40    22.00
    0.00    0.00    30.50    21.80
    0.00    0.00    30.60    21.70
    0.00    0.00    30.70    21.60
    0.00    0.00    30.80    21.50
    0.00    0.00    30.90    21.40
    0.00    0.00    31.00    21.30
    0.00    0.00    31.10    21.10
    0.00    0.00    31.20    21.00
    0.00    0.00    31.30    20.90
    0.00    0.00    31.40    20.80
    0.00    0.00    31.50    20.70
    0.00    0.00    31.60    20.60
    0.00    0.00    31.70    20.50
    0.00    0.00    31.80    20.40
    0.00    0.00    31.90    20.30
    0.00    0.00    32.00    20.20
    0.00    0.00    32.10    20.00
    0.00    0.00    32.20    19.90
    0.00    0.00    32.30    19.80
    0.00    0.00    32.40    19.70
    0.00    0.00    32.50    19.60
    0.00    0.00    32.60    19.50
    0.00    0.00    32.70    19.40
    0.00    0.00    32.80    19.30
    0.00    0.00    32.90    19.20
    0.00    0.00    33.00    19.10
    0.00    0.00    33.10    19.00
    0.00    0.00    33.20    18.90
    0.00    0.00    33.30    18.80
    0.00    0.00    33.40    18.70
    0.00    0.00    33.50    18.60
    0.00    0.00    33.60    18.50
    0.00    0.00    33.70    18.40
    0.00    0.00    33.80    18.30
    0.00    0.00    33.90    18.20
    0.00    0.00    34.00    18.10
    0.00    0.00    34.10    18.00
    0.00    0.00    34.20    17.90
    0.00    0.00    34.30    17.80
    0.00    0.00    34.40    17.70
    0.00    0.00    34.50    17.70
    0.00    0.00    34.60    17.60
    0.00    0.00    34.70    17.50
    0.00    0.00    34.80    17.40
    0.00    0.00    34.90    17.30
    0.00    0.00    35.00    17.20
#ENOM 
#STOM
